number
44
16
38
39
57
97
37
49
33
54
70
18
2
35
65
43
79
4
25
35
32
81
85
13
19
14
42
54
100
18
30
38
91
20
62
46
93
66
92
68
66
72
10
73
18
42
79
89
25
1
41
29
5
18
78
17
6
26
34
87
100
24
46
43
68
80
44
63
76
25
81
88
49
36
37
57
11
44
80
12
97
28
76
93
48
4
13
38
23
42
35
27
71
96
41
44
64
74
3
95
8
42
70
14
5
52
50
14
31
58
23
48
10
5
56
71
97
59
86
58
30
54
78
76
42
47
89
65
15
80
50
26
11
71
9
77
52
80
22
79
42
18
89
53
4
57
42
28
46
69
19
76
32
40
24
62
68
34
29
68
43
83
35
74
67
94
3
15
53
52
63
100
66
6
68
2
38
15
41
81
2
85
97
31
39
96
5
83
84
2
89
68
75
38
62
65
45
83
98
1
95
96
99
79
32
46
58
87
61
8
80
93
18
94
35
11
97
40
29
99
50
68
36
64
75
94
4
26
91
39
59
2
20
69
6
13
12
29
97
64
32
71
67
30
19
87
28
65
93
42
10
81
46
45
57
85
5
35
7
27
53
4
15
8
88
46
58
92
25
2
43
38
97
96
93
70
92
67
77
100
64
99
4
73
98
17
16
98
65
84
13
62
3
14
70
35
72
80
99
35
30
15
68
6
39
2
36
15
37
33
6
53
4
81
85
3
94
7
38
98
47
39
7
62
71
56
40
62
90
34
88
34
44
93
16
74
16
66
53
73
88
42
9
63
14
31
51
10
86
92
87
33
27
100
6
73
8
52
53
67
40
64
30
56
22
89
99
36
6
7
57
49
84
72
39
76
1
88
29
29
73
48
35
15
87
39
19
31
46
3
33
15
34
61
30
92
6
31
99
58
25
34
30
68
61
20
10
77
65
43
55
46
84
81
88
73
98
100
85
96
6
54
53
65
33
41
46
60
87
80
60
54
84
35
39
92
2
67
23
23
71
95
85
65
94
72
54
28
4
63
1
72
21
58
89
25
54
1
46
51
22
63
28
65
90
31
15
77
65
93
23
69
54
5
68
32
21
46
84
60
25
52
52
28
87
9
11
45
6
12
28
42
26
48
9
30
50
17
64
83
28
20
30
7
4
70
87
55
4
46
54
26
83
38
80
20
29
37
17
12
20
75
62
17
94
85
79
8
31
61
48
72
47
88
13
70
34
58
26
92
17
9
70
80
98
99
26
42
17
46
13
7
50
98
11
51
22
60
54
32
51
48
24
98
69
25
92
73
50
34
46
9
5
72
31
74
63
78
7
38
28
77
1
97
23
37
41
69
53
6
5
11
12
44
7
56
42
63
87
31
92
13
68
9
97
26
52
34
69
71
32
41
8
89
22
55
72
5
1
17
30
37
36
82
49
82
3
87
79
89
7
49
47
79
59
99
93
83
44
8
43
3
99
19
96
44
12
10
16
14
49
4
3
34
36
75
48
58
21
71
43
45
20
76
48
15
62
67
38
47
77
71
3
50
94
88
63
73
7
2
27
71
16
27
53
55
2
88
40
1
99
11
2
31
7
83
79
96
21
50
92
43
46
12
76
86
67
88
58
40
79
87
71
43
28
16
82
6
29
41
77
87
26
89
77
87
83
99
25
69
15
46
35
86
59
21
56
54
63
61
43
93
26
85
92
76
7
37
73
78
11
43
77
44
80
11
70
39
1
67
35
14
63
61
25
27
77
85
4
21
60
91
100
76
7
50
66
39
51
19
18
4
81
77
82
43
91
68
91
62
70
98
21
8
29
98
36
73
39
92
26
57
56
57
73
29
76
60
7
6
8
18
27
55
75
62
86
77
7
56
46
68
42
93
33
19
79
90
8
65
83
86
69
71
32
78
91
56
19
85
29
74
40
36
23
95
12
7
84
40
68
64
17
60
63
8
93
7
43
61
85
100
56
53
35
8
21
92
63
3
57
79
61
94
8
66
45
21
12
56
7
39
51
75
70
61
45
37
21
100
83
90
78
59
97
68
7
73
48
61
57
3
36
40
6
58
73
40
57
55
26
86
19
98
27
27
57
63
81
28
65
39
77
37
63
30
25
36
39
15
33
57
86
87
4
60
23
62
56
41
63
83
83
1
95
100
93
80
48
92
27
76
15
16
12
55
37
11
46
67
39
88
36
66
93
86
59
80
24
85
17
14
1
86
83
55
30
71
22
59
13
96
11
72
94
89
16
69
55
46
6
48
9
57
66
81
4
50
17
12
